GOOGLE_CLIENT_ID=311190852611-bdoc9kpfhkke53idbba0964jlkv2mrq1.apps.googleusercontent.com
GOOGLE_CLIENT_SECRET=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

NEXTAUTH_SECRET=oQhxQA1orc

MY_ACCOUNT_ID=0.0.4660025
MY_PRIVATE_KEY=3030020100300706052b8104000a04220420fb5c1d6a9f788b3cd031ce5ea72074e086d7368b031fe55379353bafe2f5b91e
CREATE_TOKEN_ID=0.0.4694431